1234	56	7890123456	7890	1234	5678
ID		XF	ROLL		T
1001	01	1110001001	1110	0000	1100	00000000
1001	01	1110001001	0000	1101	1111	00000000	3
1001	01	1110001001	0000	1101	1110	00000000
1001	11	1010011000	0000	1101	1101	00000000 	1


1001	01	1110001001	0000	1101	1111	00000000 CH3 22.3
1001	10	1110101001	1110	0000	1100	00000000	CH3 -50
1001	10	1110101001	0000	1110	0101	00000000 CH3 22.9
1001	10	1110101001	0000	1110	0100	00000000	CH3 22.8
1001	10	1110101001	0000	1110	0000	00000000 CH3 22.4
1001	10	1110101001	0000	1101	1111	00000000 CH3 22.3
1001	11	0100011001	0000	1101	1010	00000000 CH3 71.2 F
1001	00	0001011001	0000	1101	1100	00000000	CH3 71.6 F
1001	00	0000111000	0000	1101	1110	00000000	CH1 22.2
1001	00	0000111000	0000	1101	1101	00000000	CH1 22.7
1001	00	0000111000	0000	1101	1100	00000000	CH1 22.0